[2148087824][2147996552][2147471351][2146770607][2147793575][2147613520][2147616624][2147589743][2147398140][2147411324][2147446080][2147393912][2147464391][2147408119][2147532559][2147396292][2147482356][2148071104][2147556720][2147065435][2147368519][2147196760][2147620723][2147536607][2147314135][2147299140][2147269528][2147466359][2147476391][2147808756][2147449532][2147505640]
[2147290688][2148317663][2147147704][2147357040][2147619715][2147679664][2147403736][2147311603][2147706664][2147437128][2147547752][2147466820][2147420515][2147511719][2147370204][2147340939][2147471384][2148367975][2148090492][2147556872][2147469784][2147896992][2147566628][2147531867][2147651708][2147580711][2147359035][2147381892][2147517300][2147462771][2147751451][2147404927]
[2147694191][2147282112][2146807487][2147442516][2147524624][2147476204][2148070392][2147729696][2147470239][2147404859][2147112460][2147421260][2147399540][2147809084][2147569832][2147573536][2147521331][2147057563][2147568488][2147408332][2147113951][2147409576][2147206696][2147604448][2147782247][2147443683][2147521856][2147503803][2147464816][2147569192][2147450592][2147508552]
[2148045935][2147004991][2147787583][2146868844][2147558532][2147453739][2147727471][2147423040][2147404127][2147753691][2147424972][2147499731][2147479360][2147558567][2147699047][2147315068][2147402948][2148334811][2147456324][2147522556][2147582371][2147537727][2147438587][2147424563][2147236696][2147308679][2147202820][2147403516][2147510460][2147610875][2147493839][2147451400]
[2147649327][2147371087][2147051227][2147684684][2147713392][2147763876][2147889468][2147444656][2147333144][2147618971][2147514283][2147488855][2147634399][2147555467][2147560988][2147562387][2147348432][2148645216][2147874868][2147265259][2147763703][2147457983][2147554811][2147350059][2147369675][2147199679][2147527808][2147564831][2147540708][2147422184][2147305631][2147552716]
[2147025872][2147435224][2147494084][2147418575][2147657104][2147449711][2147505044][2147602616][2147354624][2147446851][2147343316][2147322088][2147316536][2147324331][2147467219][2147524116][2147568600][2147013976][2147600488][2147441363][2147071624][2147445567][2147493807][2147636148][2147243892][2147531364][2147234568][2147261939][2147551079][2147784423][2147301696][2147248383]
[2147699343][2148408168][2147678003][2147240084][2147657603][2147784131][2147399863][2147409119][2147474491][2147389219][2147271179][2147583683][2147326744][2147382891][2147328448][2147386104][2147316267][2147590216][2147557692][2147580967][2146374364][2147673723][2147156928][2147775696][2147350447][2147430791][2147539592][2147493772][2147743795][2147597491][2147703864][2147291280]
[2147326624][2147725383][2147403127][2147237683][2147490364][2147406216][2147385072][2147541275][2147495876][2147419104][2147652228][2147487299][2147509943][2147392024][2147355116][2147227972][2147486631][2147233003][2147717676][2147162007][2148115808][2147412835][2147625963][2147307596][2147710620][2147539060][2146824559][2147549583][2147390195][2147359484][2147652664][2147621663]
[2147390736][2147302943][2147496544][2147797363][2147300875][2147569144][2147187759][2147533612][2148030983][2147390128][2147568128][2147397744][2147550388][2147560980][2147524947][2147284387][2147360883][2147805691][2147471347][2147234391][2147904855][2147577212][2147517283][2147597591][2147288268][2147270032][2147610991][2147179188][2147532356][2147393868][2147353040][2147524639]
[2147251232][2147650136][2147465944][2147516828][2147583735][2147807888][2147395760][2147362947][2147365028][2147315052][2147477171][2147412952][2147438523][2147523707][2147417316][2147565483][2147288360][2147292956][2147777923][2147623004][2147605808][2147363387][2147315444][2147498387][2147446912][2147372932][2147316528][2147517031][2147440204][2147415543][2147520079][2147215019]
[2147517808][2147767191][2147455983][2147633419][2147308620][2147368996][2147547856][2147490092][2147657100][2147626783][2147123808][2147639096][2147263640][2147438035][2147481228][2147566411][2147511103][2148009372][2147482731][2147457240][2147419603][2147523307][2147564475][2147323291][2147346051][2147230455][2147371452][2147738467][2147535620][2147594039][2147446300][2147542635]
[2148137504][2147774631][2147528416][2147492720][2147711660][2147521592][2147702335][2147748531][2147279432][2147675852][2147737435][2147588748][2147831767][2147587308][2147267627][2147733771][2147639180][2147470700][2148169039][2147375719][2147212544][2147746020][2147453540][2147869559][2147413007][2147854732][2147265007][2147849363][2147543216][2147416860][2147617703][2147397388]
[2148033024][2147765943][2147498712][2147765687][2147498643][2147636060][2147481023][2147331604][2147635620][2147437535][2147515187][2147628007][2147742879][2147358092][2147449864][2147585879][2147212675][2147423947][2147040151][2147272879][2147293067][2147383820][2147492211][2147598411][2147793339][2147662131][2146949188][2147150472][2148000355][2147120491][2147435748][2147322019]
[2147570272][2147311952][2147409576][2147450643][2147510148][2147535835][2147415820][2147306535][2147508739][2147285523][2147199011][2147617428][2147332312][2147823556][2147504952][2147164064][2147262132][2147951491][2147429532][2147098392][2147771108][2147121428][2147478703][2147795395][2147146876][2148234907][2147405183][2147759575][2147508071][2147865036][2147176839][2147914608]
[2147203984][2147621047][2147496776][2147319308][2147129339][2147457228][2147635796][2147570604][2147498940][2147586204][2147608283][2147332515][2147695671][2147432896][2147352076][2147199360][2147574779][2147113347][2147798207][2147476543][2147559224][2147371895][2147537948][2147335332][2147566984][2147481880][2147231544][2147199732][2147555540][2147828087][2147755716][2147099967]
[2147634320][2147724576][2147045128][2147269312][2147567331][2147367407][2147355739][2147613803][2147327356][2147522015][2147640076][2147574936][2147339235][2147669835][2147648791][2147613840][2147892727][2147031923][2147462895][2147597204][2147735219][2147507403][2147617095][2147398903][2147668192][2147496867][2147885115][2146753360][2147546848][2147149187][2147413875][2147307620]
[2147323360][2148158807][2146660776][2147400771][2147463671][2146809163][2147435635][2147337112][2147529572][2147320387][2147536879][2147507767][2147444535][2147423875][2147499312][2147445128][2147374948][2147407612][2146889700][2147285055][2147174072][2147466192][2147157144][2147587271][2147512271][2147669968][2147429135][2147728192][2147510036][2147558152][2147398232][2147582796]
[2146453631][2146966256][2147931811][2147513792][2146857552][2147201200][2147612903][2147410632][2147564935][2147426087][2147520812][2147626655][2147674535][2147363607][2147473592][2147489043][2147714940][2147267211][2147414203][2147566568][2147516324][2147367491][2147365731][2147946748][2147424243][2147423759][2147697431][2147719068][2147489503][2147519268][2147563820][2147585384]
[2146758671][2147274440][2147569548][2147452812][2147367187][2146986904][2147496808][2147447032][2147439768][2147381363][2147607000][2147414068][2147604683][2147528407][2147455823][2147538131][2147394575][2146291912][2147515311][2147616664][2147294584][2147514283][2147679119][2147359168][2147530004][2147452275][2147445060][2147448407][2147532300][2147521372][2147532647][2147484124]
[2146272159][2148123592][2147109639][2147620967][2148051019][2147385876][2147662844][2147511884][2147422211][2147499303][2147594887][2147419003][2147491452][2147500375][2147423499][2147443507][2147536292][2147270531][2146843407][2147106396][2147336616][2147525275][2147296535][2147392447][2147318739][2147498343][2147519427][2147508508][2147379284][2147511079][2147517996][2147504903]
[2147689967][2148105951][2147325875][2147606548][2147420144][2147682476][2147201339][2147579128][2147528323][2147584231][2147488203][2147621948][2147368587][2147586815][2147509783][2147524871][2147581127][2148489856][2147583700][2148361827][2147479040][2147988936][2147296508][2147585303][2147626735][2147625271][2147449800][2147500808][2147430767][2147437551][2147514831][2147692319]
[2147299760][2147129272][2147720600][2147201228][2147669339][2147296811][2147386007][2147664871][2147312120][2147508240][2147544771][2147467176][2147438759][2147411592][2147563016][2147361004][2147489388][2147610252][2148104099][2147824008][2147187148][2147485059][2147499384][2147341687][2147465963][2147366791][2147515435][2147521112][2147516123][2147379087][2147508348][2147570171]
[2147480335][2147262303][2147424648][2147444280][2147422440][2147733096][2147526424][2147218059][2147616363][2147434427][2147543976][2147539120][2147605007][2147636716][2147518884][2147471628][2147473583][2147529835][2147935216][2147230036][2147761055][2147547140][2147236131][2147469696][2147492252][2147488503][2147640420][2147506840][2147413608][2147472424][2147377324][2147390847]
[2148087872][2147873199][2147287060][2147530212][2147566004][2147452312][2147487439][2147354952][2147645044][2147538692][2147523423][2147483248][2147446548][2147585959][2147379655][2147611499][2147392524][2147503240][2147464315][2148491511][2147801272][2147449732][2147540664][2147557899][2147303063][2147384988][2147300876][2147324148][2147557011][2147281500][2147461483][2147323848]
[2147207519][2146984295][2147492868][2147493036][2147646088][2147532267][2147757444][2147373136][2147353064][2147504999][2147698024][2147478251][2147463975][2147609823][2147305328][2147219007][2147387224][2147713823][2147499748][2147220876][2147752836][2147619943][2147317231][2147683792][2147657508][2147499316][2147548855][2147385735][2147523716][2147565719][2147479671][2147329648]
[2147720799][2147372119][2147315103][2147549692][2147629280][2147670915][2147345048][2147570104][2147770592][2147330316][2147381395][2147525683][2147575911][2147467211][2147551559][2147515171][2147392792][2147581411][2147528387][2147332139][2147406899][2147497779][2147535743][2147582479][2147315512][2147402139][2147625619][2147331184][2147551936][2147469928][2147568536][2147126456]
[2147599407][2146963319][2147473355][2147334303][2147487148][2147437476][2147146883][2147431011][2147552204][2147457860][2147308564][2147555772][2147199599][2147587143][2147492716][2147489195][2147269455][2147777056][2147535463][2147444936][2147339347][2147683408][2147549508][2147598291][2147409096][2147403491][2146987663][2147363496][2147536463][2147609355][2147590959][2147723027]
[2147397039][2147558031][2147475439][2147452924][2147499855][2147484479][2147470479][2147248836][2147414300][2147384672][2147393495][2147614343][2147752688][2147634712][2147468035][2147588283][2147429616][2147343123][2147895915][2147470076][2147475199][2147508900][2147611019][2147605875][2147537763][2147291184][2147480804][2147770011][2147495559][2147532667][2147482116][2147545520]
[2147219839][2147431192][2147416292][2147599903][2147598967][2147475284][2147437887][2147369880][2147560991][2147470652][2147358416][2147499192][2147562359][2147656304][2147622256][2147593992][2147552912][2147567935][2147345615][2147648131][2147533635][2147487748][2147419207][2147478480][2147708944][2147514352][2147154515][2147220480][2147822104][2147298128][2147488012][2147411283]
[2147183519][2147439607][2147614584][2147442131][2147509848][2147457472][2147499876][2147488224][2147537552][2147751679][2147668672][2147433883][2147562039][2147598172][2147499099][2147409328][2147476051][2147139771][2147456476][2147463052][2147188695][2147518684][2147363520][2147500136][2147487648][2147390424][2147693504][2147502360][2147496055][2147704272][2147562860][2147542756]
[2147763311][2147436560][2147571668][2147564243][2147482119][2147337935][2147333928][2147618067][2147527680][2147404887][2147467760][2147455059][2147229556][2147662963][2147537584][2147513308][2147776863][2147297943][2147425952][2147460707][2147626475][2147346643][2147347739][2147545184][2147601299][2147586963][2147833288][2147769727][2147675919][2147528611][2147305031][2147358028]
[2147060847][2147488760][2146394392][2147586808][2147639487][2148046995][2147400083][2148292523][2147294728][2148209103][2147446232][2147783716][2148299031][2147598143][2147999723][2147713912][2147876532][2148063416][2147368464][2147362907][2148344180][2147760372][2148178344][2147208636][2145204083][2146979268][2148083172][2146403907][2147741995][2148888936][2147188384][2148139512]
cascading criterion: 0.000119426