[2073698204][1259196060][903246368][2155565648][2016965887][1783693632][2235286687][1977903568][2147539095][2199414656][2159888031][2170262207][2100287408][2209304375][2230653311][2027072263][2138520120][2428190119][2211235855][2453205536][2315553852][2367395868][2147646004][3083649047][1610855731][805426356][402712972][4093609927][2248146695][1124073356][3732930615][2353666091]
[3084885903][2073586539][1553751368][997837340][2144165375][2131572992][1978121728][2397279999][1935936415][2147477471][2127210095][2183495047][2169974887][2120077175][2176954359][2233329327][2028720960][2138154200][2455485907][2169659155][2302069419][2186891023][2181331807][2148213287][3217328323][1610612748][805305008][402652460][4093641071][2248146724][1124073376][1432289752]
[2113042392][3084894571][2126411467][2160321207][2636429312][1901383936][2144859391][2001867904][2258547552][1990526912][2147542375][2152337327][2152134872][2152146776][2131761952][2178273423][2232014872][2028796976][2133788059][2712265987][2526997767][2864804615][2741276819][2909894548][2147483783][3221225132][1610612676][805305652][402652720][4093640935][2248146832][2129279884]
[3111209696][2113171439][1320533656][2148271883][2241861632][2240276479][2235531775][2153321088][2026891391][2091737888][2215844751][2147624592][2149453975][2144767488][2132928639][2130505063][2160428240][2234454296][2248037032][1922939803][1406297255][927183455][603852976][328216976][4129517655][2147483559][3221225524][1610612712][805306428][402653152][4093640731][2219779487]
[1896007063][3111169600][2113157532][1427211463][2158950400][2134608895][2251417599][2236413183][2160051200][2023938943][2089591936][2218646559][2147568735][2150070831][2144762711][2132976016][2130483615][2160465615][2251063664][2266245443][1934745891][1387045743][961342856][529886272][267108700][4161408899][2147483515][3221225488][1610612712][805306452][402653164][2493288972]
[2114846120][1896014399][2448982511][2149148627][2269130751][2165458944][2174170112][2278979071][2222415103][2158970496][2031358719][2089845376][2215011871][2147534423][2149788847][2144978127][2132972872][2130407279][2163124839][2240805259][2273430703][1898530828][1459076488][815450852][410518920][205261832][4192336287][2147483343][3221225479][1610612612][805306172][2127049492]
[2147581888][2114912296][2277580843][2202218931][2155528191][2107691008][2257623040][2148352000][2205397504][2191839488][2171253759][2026872448][2092050784][2210076192][2147534551][2149886551][2145223736][2132653744][2154687180][2163037383][2205387812][2252807924][2072597712][1169366232][586440692][293219496][146612820][4221660119][2147483308][3221225711][1610612760][2015698492]
[2654751240][2147673059][2170793452][2272376944][2180210687][2160140287][2083985408][2252503040][2148961792][2201806336][2203288320][2172442688][2017343327][2091501295][2211959216][2147547032][2148882231][2148251931][2159977243][2168322059][2203848032][2358080411][2403443415][1412067647][706499032][353251176][176622772][88314836][4250809675][2147485143][3221224812][2274243016]
[2147572063][2660150328][2148136272][2147357512][2191278079][2202222591][2160164863][2063900671][2215161855][2156612607][2205688063][2188770175][2164116223][2034560128][2093835584][2217229759][2147856712][2150690240][2149260967][2180297852][2117366863][2151817419][1831286064][1344552612][693699124][346847120][173421424][86716164][43355980][4273286715][2141785075][2147423760]
[3062769343][2147543483][1859944455][2147631272][2114158592][2097020928][2044600320][2145587199][2053074943][2222700544][2169675775][2219634944][2193179263][2167089280][2033740832][2077302592][2238596496][2147934055][2151120448][2148528403][2203366123][2149311039][2123957115][1871653283][965416168][482707516][241351888][120672940][60341692][30167068][4279879423][2145366339]
[2400642676][3069152707][2074865327][1679089411][2098462720][2151284735][2153709568][2015985663][2146164735][2021769215][2263719936][2157236735][2241973504][2215926015][2180682816][1976188416][2073677471][2283168095][2187795059][2154426239][2172240168][2085815224][1954481567][2591096908][1475384056][737692992][368846580][184422972][92211520][46105964][23051276][1892413971]
[3624452251][2400808204][3069115935][2279806176][2617376767][2000879616][2134048767][2380619775][2294800383][2397933567][2317509631][2336253951][2147685631][2585670911][2027444223][2123944640][2011199904][2305610279][2358521564][1959328504][2144431712][2742740231][2589393136][2817162663][2872900179][1458809856][729404944][364702472][182351236][91175612][45587796][3641419895]
[1250551972][3624452251][1890024864][2937302015][2079981568][2424897535][1979695103][2153619456][2459635711][2255155200][2433993727][2305500672][2346133503][2147443072][2587435071][2028126144][2123896063][2011315072][2306585436][2358503259][1962836291][2177638827][2737461327][2642373352][2754695167][2917619712][1458809856][729404872][364702436][182351220][91175608][1227926416]
[2139191744][1250552020][2644011911][2148236816][2283012096][2164817920][2414837760][1978679295][2151944192][2451900415][2256411647][2433989631][2306102783][2346019583][2147694080][2586960255][2028155696][2123883192][2009537440][2305963035][2379231700][1943537776][2248411792][2571283195][2939036287][2754695167][2917619712][1458809856][729404932][364702444][182351224][2139179656]
[2836157455][2139191776][3044415275][2147483679][2146959360][2046066687][2349334527][2334597120][1953599488][2150545408][2449346559][2258352640][2431926015][2307245824][2345503935][2147662623][2586884848][2028127576][2121181236][2010167076][2330449103][2279277563][2023654752][2627296728][2426439411][3080544244][2754695155][2917619716][1458809840][729404920][364702432][3018508679]
[2917622419][2836156107][2139538000][3042826571][2147614719][2080538624][2012921856][2378399743][2330595328][1945552896][2150848511][2449066495][2258671615][2431975679][2307186752][2345467807][2147675104][2586740015][2026048087][2121391324][1856556528][2479457395][2614838915][1546932335][3521857623][2428824491][3080555040][2754689767][2917622419][1458811188][729405596][2552919651]
[2754689771][2917622396][2836156111][2147483640][2686713856][2011660287][2147270656][1970741247][2340704256][2338289663][1947565056][2150577151][2449158400][2259627647][2431632959][2307243487][2345366176][2147662527][2595425972][2027457368][2114719715][1764610955][2545697788][2470159151][1282764760][3653594215][2428824543][3080555032][2754689771][2917622396][1458811184][2795422935]
[3080554975][2754690083][2917622280][2836156179][2147483647][2686648319][2011512832][2130452479][1995640831][2308349952][2358194175][1961187327][2150474496][2449974143][2259423423][2431936607][2307197088][2345448775][2147656843][2591261159][2135212300][1761465227][1705268112][2779881072][2250727207][1125363631][3732285416][2428824607][3080554975][2754690083][2917622280][2228950063]
[2428502711][3080715932][2754609347][2917662595][4294967295][2149416959][2551726079][1977794559][2113896448][1993549824][2313353215][2359244287][1959668736][2151065344][2451285887][2258798336][2432467599][2307008296][2391519967][2147624071][3001249155][1663387976][889779208][451372500][4069903535][2248152699][1124076371][3732929168][2428502711][3080715932][2754609347][2310537088]
[3732929119][2428502751][3080715908][2754609347][0][4294967295][2149728256][2551627775][1977761792][2126471168][1995744256][2313592831][2357910272][1958399744][2151099072][2451259391][2258798272][2432453591][2262242416][2348902051][2147669016][3007578347][1670401719][859823655][429013808][4080460355][2248152851][1124076427][3732929119][2428502751][3080715908][1821377076]
[1124076436][3732929127][2428502743][3080715951][0][0][4294967295][2146926592][2720342015][2020349951][2122514432][2003683840][2312800511][2358611071][1958723263][2151080448][2451221519][2258833328][2479996227][2294346831][2332066667][2147704423][2981485923][1643440951][821221684][410610880][4089661827][2248152811][1124076436][3732929127][2428502743][2799696787]
[2224311651][1245799919][3427639832][2393387119][268588224][251641599][286926351][4005156584][2146635727][2647810960][2039207143][2126328944][2017928063][2297750455][2336317064][1975357944][2148995400][2443950376][2213687147][2457082288][2315945343][2365436668][2147740740][3084897199][1610702908][805351476][402675300][4093628807][2248146952][1124073420][3732930619][1932810203]
[3177019812][2224169252][1517429348][3336775808][537385792][499086079][571608335][577316023][3778816463][2147428335][2534599960][2078810183][2129501184][2048698047][2258668703][2333981151][1978557248][2147970127][2465347471][2167402027][2301491811][2185006375][2178246816][2148332060][3218109459][1610612695][805306923][402653367][4093640515][2248147135][1124073559][1361998039]
[2045386759][3169675572][2170493628][1634227003][1074354496][1006558271][1143007471][1161714935][1021521200][3220986671][2147223903][2410733143][2089845440][2148115143][2100292520][2240361167][2324966192][1984018736][2137961347][2738602680][2538682039][2875724064][2747221868][2911894207][2147484199][3221224919][1610612699][805307335][402653676][4093640459][2248147251][2093499331]
[3332211119][2059171631][1088392420][2147491115][2147348928][2014807743][2293296623][2316878423][2039940944][2159700176][1935921552][2147577544][2066989992][2242206631][2155145304][2138864968][2197107584][2321259816][2274724332][1951015463][1380766979][893510799][575734360][306025992][4141306155][2147484104][3221225211][1610612827][805306328][402653136][4093640763][2236359243]
[1719328964][3332123503][1951097756][1205771751][2144840831][2139417248][2014044751][2319607976][2301516832][2025585064][2152969600][1938343056][2147527608][2067888376][2241328951][2155239575][2138828792][2197114463][2357563064][2302304695][1965204239][1359756355][929073076][498534692][250241220][4169835611][2147483268][3221225571][1610612964][805306048][402653032][2736266147]
[2833586923][1719382923][3115288499][2147449987][2631014143][1966534784][2152680959][1980525839][2285325927][2299034840][2023672360][2147658320][1941741408][2147535440][2068976912][2240388503][2155402088][2138880704][2197076795][2338912784][2312713255][1924652923][1435310579][775816871][389069900][194536768][4197694747][2147483524][3221225879][1610613343][805306995][2576305923]
[2147385643][2833092799][1839258820][3035464972][2143120768][2389859328][2083162431][2128628967][2075089736][2261443703][2271199743][2010755479][2149758000][1946417751][2147555791][2070680791][2238751800][2155420608][2132254436][2192560427][2260615539][2257241635][2120424267][1125162539][563220824][281611608][140806428][4224562559][2147483439][3221225331][1610612911][2279267599]
[2655664903][2147403016][2531442056][1876869123][3109887999][2158313471][2339129343][2070886399][2120075775][2067555328][2272216320][2274298304][1998483167][2148679439][1939192399][2147547087][2069116039][2241948823][2197591643][2107605708][2261024771][2590570232][2532812784][1348974248][674589676][337293564][168642784][84325276][4252788783][2147482480][3221226535][2274495011]
[2146486340][2663696055][2147398723][2434366980][1675743808][2768055872][2170827568][2324554192][2077514032][2135033195][2073267175][2279383112][2279638123][1994904967][2145435528][1943559908][2147554095][2067294716][2061586799][2323151920][2198130424][1848345447][1427477636][841164476][426238664][213119232][106564184][53276188][26643188][4281623819][2147485008][2148002375]
[4040275087][2146219432][1556061295][2147483383][2491661696][2169623712][2239389040][2144201247][2446793511][2081656680][2106231375][2051536532][2275262260][2295341739][2003011291][2153824467][1907527780][2147560756][2060542796][2040266016][2334341983][2161289519][1944051103][1159296387][582240960][291112444][145555072][72783072][36397888][18202036][4285861755][2147897892]
[338058280][4124351167][2072898115][1150763855][2128871423][2563571711][2267037695][2365177856][2143043583][2646446080][1988084736][2126602239][1989436415][2312867712][2376084927][1960669088][2150908847][1840966512][2193770871][1825754247][1881481651][2541029928][2523942132][1497848528][748923652][374461880][187232048][93607268][46815404][23412252][11712336][3961968187]
cascading criterion: 0.379362